shaders: assets/shaders/diffuseLit.shader
ambient: 0.000000 0.000000 0.000000 1.0
diffuse: 0.8 0.8 0.8 1.0
specular: 0.8 0.8 0.8 1.0
shininess: 1.0