# the array of shaders that should be loaded for this material
shaders: assets/shaders/default.shader

# the material base color
color: 1.000000 1.000000 1.000000 1.000000
ambient: 0.24725 0.1995 0.0745 1.0
diffuse: 0.75164 0.60648 0.22648 1.0
specular: 0.628281 0.555802 0.366065 1.0
shininess: 64